Generacion: 0
**************************************
{[5][5][1][0][3][5][4][3]},18
{[2][0][2][2][7][0][5][2]},26
{[1][5][1][7][7][1][2][4]},16
{[0][4][0][0][0][7][1][5]},16
{[5][4][2][2][6][7][7][4]},14
{[1][6][6][0][4][6][3][0]},16
{[3][1][0][1][6][0][4][5]},20
{[7][4][4][1][3][6][4][1]},12
{[1][5][7][3][5][7][1][7]},18
{[6][4][3][5][7][6][7][6]},22
mejor: 12
**************************************


Generacion: 1
**************************************
{[2][4][0][0][0][6][1][5]},10
{[3][5][0][7][5][1][2][4]},8
{[5][5][2][3][6][7][7][3]},14
{[7][4][4][5][3][6][4][6]},14
{[7][4][0][0][0][6][5][1]},8
{[3][1][0][1][7][0][4][2]},16
{[5][5][1][0][3][5][3][3]},20
{[2][5][1][7][7][5][2][2]},14
{[3][6][6][1][6][0][4][2]},12
{[1][5][1][2][7][1][2][4]},16
mejor: 8
**************************************


Generacion: 2
**************************************
{[2][4][1][2][0][5][1][3]},12
{[3][2][0][1][6][1][2][4]},10
{[1][5][1][0][7][5][2][3]},10
{[3][5][2][7][5][4][7][4]},12
{[3][1][0][5][3][6][4][2]},6
{[1][5][1][4][7][1][2][4]},16
{[7][4][0][0][0][6][3][1]},8
{[3][5][0][7][5][5][3][2]},18
{[3][5][2][3][6][7][7][7]},18
{[3][4][0][1][0][6][5][5]},16
mejor: 6
**************************************


Generacion: 3
**************************************
{[2][4][6][2][0][5][3][3]},10
{[2][4][2][5][0][5][7][4]},12
{[0][1][0][5][3][6][4][2]},8
{[3][5][2][7][0][6][5][1]},8
{[3][5][0][7][6][5][3][4]},14
{[3][6][0][1][6][4][2][4]},6
{[3][5][0][2][6][7][7][2]},6
{[3][5][1][4][0][1][7][5]},12
{[1][4][1][2][7][5][2][3]},14
{[7][2][0][1][6][6][3][4]},10
mejor: 6
**************************************


Generacion: 4
**************************************
{[1][2][0][4][6][1][3][5]},10
{[7][5][0][0][6][6][3][4]},12
{[3][5][0][2][6][7][2][2]},8
{[2][4][2][5][0][5][6][4]},16
{[1][4][2][5][0][3][7][3]},10
{[7][2][0][7][6][6][7][4]},18
{[2][5][0][5][0][5][7][4]},12
{[0][5][0][2][6][7][3][4]},6
{[0][6][3][5][6][4][2][2]},10
{[0][4][0][4][3][6][7][4]},18
mejor: 6
**************************************


Generacion: 5
**************************************
{[6][4][0][2][0][5][2][2]},12
{[0][4][0][7][3][6][3][4]},10
{[0][0][2][5][0][3][7][4]},12
{[7][5][0][7][0][5][6][4]},12
{[7][5][0][5][0][5][6][4]},10
{[3][5][6][5][0][7][7][2]},10
{[7][2][0][0][5][6][3][4]},20
{[0][3][0][2][6][7][3][4]},12
{[0][2][3][5][6][5][2][4]},14
{[2][5][0][5][3][6][7][4]},10
mejor: 10
**************************************


Generacion: 6
**************************************
{[2][5][0][5][3][6][7][0]},12
{[0][0][0][5][6][4][7][4]},12
{[4][2][3][5][6][5][7][4]},14
{[0][3][0][2][6][7][2][4]},10
{[2][5][0][5][5][5][7][4]},18
{[7][5][0][5][0][5][7][0]},16
{[7][5][4][5][6][5][6][4]},22
{[0][2][6][0][6][5][3][4]},16
{[7][7][0][2][0][6][2][2]},14
{[0][4][0][7][6][7][3][3]},14
mejor: 10
**************************************


Generacion: 7
**************************************
{[2][5][3][2][5][5][7][4]},16
{[7][0][0][5][6][5][6][4]},12
{[0][0][0][2][6][6][3][3]},14
{[7][5][3][5][0][5][7][4]},10
{[2][5][3][5][3][5][7][0]},14
{[0][7][0][7][6][5][3][4]},14
{[5][7][0][5][5][6][7][4]},18
{[0][2][6][0][0][5][3][4]},16
{[4][2][6][5][6][5][7][1]},18
{[7][2][3][5][6][2][7][4]},16
mejor: 10
**************************************


Generacion: 8
**************************************
{[0][7][0][7][6][6][3][4]},12
{[0][2][3][5][6][5][6][4]},16
{[2][5][3][2][1][5][7][4]},14
{[7][5][3][5][7][2][7][4]},16
{[5][4][0][5][5][6][7][4]},18
{[0][0][5][2][6][6][7][3]},10
{[4][2][6][5][6][5][5][1]},20
{[0][5][3][6][6][5][7][0]},12
{[7][7][0][5][6][2][3][4]},14
{[7][0][3][3][6][2][3][4]},14
mejor: 10
**************************************


Generacion: 9
**************************************
{[0][7][0][7][6][6][4][4]},18
{[3][2][0][5][5][5][6][4]},12
{[7][0][3][3][6][2][3][4]},14
{[4][7][0][5][6][2][5][2]},8
{[7][5][0][2][4][5][3][4]},8
{[0][6][3][2][6][5][7][4]},10
{[0][5][3][6][6][5][6][4]},16
{[0][7][5][5][6][2][7][3]},12
{[0][0][0][2][5][6][5][4]},22
{[0][5][0][6][5][6][3][0]},18
mejor: 8
**************************************


